1000
681 428
816 344
360 206
693 685
568 163
779 793
646 769
365 402
937 496
298 142
74  502
445 695
106 426
347 529
117 862
655 254
333 623
655 655
380 894
341 866
82  564
906 226
899 330
350 579
416 905
560 129
900 228
689 273
377 421
104 984
147 672
393 300
888 801
25  288
507 397
182 59
160 935
76  945
257 538
288 940
261 444
939 44
880 144
587 169
759 381
418 244
520 816
627 533
226 513
437 353
477 327
400 144
290 342
928 712
648 490
199 560
504 582
435 83
707 107
73  336
34  735
380 948
535 590
180 782
242 61
208 716
118 360
594 266
844 618
937 729
305 132
412 581
760 119
810 64
200 506
349 587
256 872
508 540
174 740
462 728
900 856
568 348
143 950
622 6
257 245
773 799
408 753
65  108
653 47
147 548
560 74
36  214
92  431
402 889
44  789
473 676
965 559
758 207
236 308
528 71
858 687
23  453
764 509
963 125
278 948
636 892
896 107
424 873
402 860
269 398
291 834
501 595
546 424
612 112
640 700
108 237
259 724
627 135
947 184
431 251
126 105
521 467
661 36
970 190
185 628
15  279
690 928
849 306
897 743
893 572
734 306
985 730
27  92
323 961
37  970
122 665
558 233
888 303
834 480
717 617
686 496
610 486
329 99
847 798
832 492
891 60
835 500
690 423
512 268
505 403
963 753
666 760
23  760
560 4
327 424
36  591
939 282
961 849
414 406
89  820
309 465
321 395
375 534
614 259
2   535
808 766
404 199
192 526
301 237
2   231
11  344
899 571
362 328
216 437
948 175
68  581
719 532
874 556
828 392
113 248
838 857
133 39
652 897
843 713
733 670
656 89
792 503
559 609
619 783
626 709
558 686
287 98
206 446
719 265
879 965
241 125
782 62
732 549
245 797
234 107
483 660
288 654
807 523
694 134
941 771
50  289
645 674
703 835
107 246
710 122
604 796
153 197
122 439
132 797
288 300
527 524
504 756
935 936
87  702
631 649
36  987
711 30
357 330
473 751
184 283
847 753
30  124
544 215
637 702
121 854
295 330
861 993
912 326
559 892
637 652
666 410
433 357
984 960
607 906
607 542
623 869
326 298
586 659
744 468
845 107
824 504
840 887
663 10
334 371
196 829
221 205
438 840
234 616
870 835
415 299
634 900
492 747
597 534
191 235
540 37
332 733
145 565
135 30
483 757
578 417
633 174
455 92
363 295
676 884
589 61
643 707
769 412
948 119
704 161
249 974
950 973
840 432
354 417
15  242
662 332
890 143
849 520
567 378
853 44
885 214
54  998
441 580
24  453
546 553
561 348
491 332
68  415
350 871
348 944
115 852
574 285
832 963
984 381
532 157
854 270
252 451
440 959
233 870
264 682
981 268
295 827
239 123
10  648
689 940
192 30
595 383
846 91
179 705
884 535
192 443
70  23
957 778
214 314
918 674
410 997
683 249
297 283
91  457
567 137
585 529
790 729
218 976
909 822
140 501
799 164
178 387
912 389
753 514
536 793
827 69
781 211
740 644
794 287
348 721
5   879
897 93
768 605
166 476
966 187
661 984
308 123
490 573
1   301
659 262
698 928
225 809
814 915
218 491
617 791
681 918
239 520
652 567
179 275
269 730
933 575
119 116
708 912
531 399
50  488
614 791
899 401
280 247
246 141
653 983
884 10
185 208
652 241
427 845
895 64
421 537
339 88
376 569
717 289
944 913
272 815
46  669
857 912
379 724
392 432
607 960
186 361
176 818
424 503
876 544
287 285
461 156
587 184
688 823
389 579
594 409
9   877
517 762
961 507
302 386
472 958
529 466
810 899
455 356
451 869
578 567
931 499
647 582
244 885
524 530
805 849
512 13
490 926
476 653
307 43
33  204
901 483
729 42
907 698
354 593
149 204
72  700
206 488
847 390
593 256
290 9
793 713
211 550
74  622
540 378
947 609
470 473
471 284
692 886
577 185
619 658
164 207
870 118
566 833
586 816
842 248
413 868
633 484
65  376
42  105
658 139
429 197
455 699
850 356
371 42
933 918
690 386
957 312
342 712
141 301
919 155
180 94
624 51
865 107
205 374
513 585
749 397
529 489
819 695
930 279
399 110
188 732
691 913
438 862
512 281
34  864
856 486
571 386
298 833
725 863
965 131
692 610
570 607
315 428
309 778
246 900
999 369
10  648
575 410
411 181
486 52
17  381
912 958
854 48
816 626
146 517
915 518
900 846
541 486
356 605
159 542
257 43
949 630
240 176
629 256
684 310
913 746
313 6
347 778
950 465
669 283
684 561
805 310
380 117
178 279
493 171
645 787
107 239
546 30
551 328
488 627
780 784
678 661
114 885
243 647
757 883
815 945
643 233
748 163
397 325
403 849
731 96
804 411
490 677
842 758
283 246
62  172
746 449
600 152
603 858
215 576
882 410
579 39
435 683
436 966
328 79
855 206
290 386
210 999
444 652
666 604
696 283
59  449
48  404
834 797
856 930
506 357
10  233
189 914
701 619
435 593
122 627
29  366
942 401
52  486
134 431
15  916
243 52
572 903
190 849
100 557
471 241
471 635
729 994
973 665
289 618
616 279
232 385
42  774
904 887
506 65
870 949
975 143
627 992
117 384
933 712
922 815
359 806
694 952
777 114
79  727
84  764
513 258
46  736
674 158
715 538
192 296
570 938
771 760
55  308
465 47
977 112
397 739
572 820
75  728
287 504
545 27
53  508
432 648
295 769
195 860
773 406
286 694
740 9
67  810
844 946
911 9
403 323
105 158
843 525
513 993
569 607
670 349
280 869
112 269
393 457
590 9
156 538
256 57
354 39
151 391
249 802
538 47
279 917
919 897
903 685
779 436
238 808
448 579
293 625
909 223
521 148
690 782
253 322
207 965
779 652
316 101
311 726
107 343
62  557
742 741
938 212
137 461
387 776
550 817
679 654
954 472
262 71
342 149
792 699
667 630
709 109
8   219
542 834
413 12
48  75
986 987
536 995
786 180
26  399
796 385
845 441
756 619
369 132
715 481
545 54
705 405
794 964
390 966
176 697
383 51
657 364
131 272
492 630
910 560
291 631
371 754
87  754
183 463
600 171
876 290
176 520
864 288
131 774
213 488
237 97
21  733
295 665
787 440
542 551
340 515
848 897
270 420
362 156
637 750
284 12
522 552
162 772
335 702
493 42
669 719
831 815
643 371
511 259
446 679
385 393
787 999
324 659
307 107
167 627
609 1
453 870
946 766
49  491
743 869
854 528
466 463
204 64
192 146
450 186
960 876
869 980
846 832
137 573
503 81
412 953
488 298
960 109
289 123
714 391
501 799
956 305
736 154
491 692
228 467
892 150
804 311
714 837
784 907
380 721
772 125
587 21
264 367
437 548
302 87
33  202
431 207
600 418
923 841
938 458
320 487
748 611
290 341
761 765
122 18
220 674
51  751
833 705
441 225
364 452
883 603
648 436
425 23
784 79
127 892
57  615
927 10
714 290
165 558
696 959
477 821
879 974
229 244
171 283
693 297
337 463
913 417
608 507
901 442
781 252
565 396
171 864
844 667
160 235
267 620
874 851
527 591
508 310
982 516
317 790
610 578
526 709
689 208
879 754
201 396
263 894
328 275
902 547
493 376
806 563
438 950
948 147
337 200
417 342
950 104
591 358
857 953
881 22
142 39
313 23
518 107
644 374
62  110
992 328
387 760
499 608
579 227
23  366
158 377
872 70
247 530
471 865
324 66
506 753
119 647
691 118
578 99
187 539
259 13
676 765
199 308
72  611
851 411
250 568
535 865
201 496
34  141
298 982
355 327
200 406
801 194
896 940
550 486
228 551
342 729
611 371
543 514
547 85
65  572
515 164
462 906
320 848
964 28
249 459
795 197
668 414
922 301
261 400
237 14
881 451
715 123
328 813
216 812
248 449
485 894
557 461
4   505
102 26
53  590
634 580
748 103
557 640
937 894
91  911
302 863
375 589
596 577
175 331
324 467
920 172
626 414
870 603
578 351
798 770
931 603
627 577
563 837
893 418
170 81
196 992
256 965
963 772
628 816
363 737
352 714
515 897
546 211
509 290
428 881
878 902
883 77
543 391
132 476
478 337
948 658
474 960
989 590
527 145
798 898
862 453
804 970
734 716
644 966
732 971
261 510
642 731
659 947
656 829
781 596
77  913
331 261
104 436
325 701
87  517
860 414
123 622
197 583
244 926
182 457
346 484
746 904
799 701
5   169
650 997
981 142
105 643
825 589
469 238
217 585
344 966
921 207
723 349
119 164
675 495
824 315
353 805
382 929
473 227
686 113
256 767
60  595
856 191
372 296
990 125
255 158
760 803
2   781
261 507
532 951
360 684
318 374
100 726
163 472
790 916
689 265
578 613
274 691
912 231
620 305
636 450
315 207
601 239
440 297
127 218
44  870
116 241
819 388
745 896
955 91
355 503
697 139
927 233
201 877
915 358
384 228
60  413
111 81
436 221
627 36
37  888
873 728
631 572
651 281
22  668
557 708
742 33
